OOMP Type;OOMP Size;OOMP Color;OOMP Description;OOMP Index;Full OOMP ID;OOMP Note;Hex ID (short code);name;description;code;collection;gitRepo;gitName;eagleBoard;eagleSchem;kicadBoard;kicadSchem;Part Number (Manufacturer);Part Number (Distributor);Part Number (OPL);Footprint Kicad;Footprint Kicad;Footprint Eagle;Footprint Kicad;Symbol Kicad;Symbol Kicad Details;Symbol Eagle;Symbol Eagle Details;Match Special;OOMP Parts List;OOMP Instances;Parts as pulled from a BOM
PROJ;SPAR;18719;STAN;01;PROJ-SPAR-18719-STAN-01;;PRPR18719;SparkFun GNSS Dead Reckoning ZED F9K;;;;https://github.com/sparkfun/SparkFun_GNSS_Dead_Reckoning_ZED-F9K;SparkFun_GNSS_Dead_Reckoning_ZED-F9K;/Hardware/SparkFun_GPS_ZED-F9K.brd;/Hardware/SparkFun_GPS_ZED-F9K.sch;;;;;;;;;;;;;;;{'BT1': {'OOMPID': 'UNMATCHED-UNMATCHED-X-UNMATCHED-01', 'FULL': {'DESC': 'SEIKO ML414H-IV01E Reflowable Lithium Battery', 'PART': 'BT1', 'DEVICE': 'ML414H_IV01E_BATTERY', 'PACKAGE': 'ML414H_IV01E', 'PARTLETTER': 'BT', 'VALUE': 'ML414H_IV01E_BATTERY', 'VALUENUMBER': '414_01_', 'PACKAGENUMBER': '41401', 'BOM': '', 'OWNER': 'SPAR', 'FULL': 'BT1,ML414H_IV01E_BATTERY,ML414H_IV01E_BATTERY,ML414H_IV01E,SEIKO ML414H-IV01E Reflowable Lithium Battery,,'}}, 'C1': {'OOMPID': 'CAPC-0402-X-NF100-V16', 'FULL': {'DESC': '0.1µF ceramic capacitors', 'PART': 'C1', 'DEVICE': '0.1UF-0402T-6.3V-10%-X7R', 'PACKAGE': '0402-TIGHT', 'PARTLETTER': 'C', 'VALUE': '0.1uF', 'VALUENUMBER': '0.1', 'PACKAGENUMBER': '0402', 'BOM': '', 'OWNER': 'SPAR', 'FULL': 'C1,0.1uF,0.1UF-0402T-6.3V-10%-X7R,0402-TIGHT,0.1µF ceramic capacitors,,'}}, 'C2': {'OOMPID': 'CAPC-0402-X-UF1-V63D', 'FULL': {'DESC': '1µF ceramic capacitors', 'PART': 'C2', 'DEVICE': '1.0UF-0402T-16V-10%', 'PACKAGE': '0402-TIGHT', 'PARTLETTER': 'C', 'VALUE': '1.0uF', 'VALUENUMBER': '1.0', 'PACKAGENUMBER': '0402', 'BOM': '', 'OWNER': 'SPAR', 'FULL': 'C2,1.0uF,1.0UF-0402T-16V-10%,0402-TIGHT,1µF ceramic capacitors,,'}}, 'C3': {'OOMPID': 'CAPC-0402-X-NF1-V50', 'FULL': {'DESC': '1nF/1,000pF ceramic capacitors', 'PART': 'C3', 'DEVICE': '1.0NF/1000PF-0402-25V-10%-X7R', 'PACKAGE': '0402', 'PARTLETTER': 'C', 'VALUE': '1nF', 'VALUENUMBER': '1', 'PACKAGENUMBER': '0402', 'BOM': '', 'OWNER': 'SPAR', 'FULL': 'C3,1nF,1.0NF/1000PF-0402-25V-10%-X7R,0402,1nF/1,000pF ceramic capacitors,,'}}, 'C4': {'OOMPID': 'CAPC-0402-X-NF1-V50', 'FULL': {'DESC': '1nF/1,000pF ceramic capacitors', 'PART': 'C4', 'DEVICE': '1.0NF/1000PF-0402-25V-10%-X7R', 'PACKAGE': '0402', 'PARTLETTER': 'C', 'VALUE': '1nF', 'VALUENUMBER': '1', 'PACKAGENUMBER': '0402', 'BOM': '', 'OWNER': 'SPAR', 'FULL': 'C4,1nF,1.0NF/1000PF-0402-25V-10%-X7R,0402,1nF/1,000pF ceramic capacitors,,'}}, 'C5': {'OOMPID': 'CAPC-0402-X-NF100-V16', 'FULL': {'DESC': '0.1µF ceramic capacitors', 'PART': 'C5', 'DEVICE': '0.1UF-0402T-6.3V-10%-X7R', 'PACKAGE': '0402-TIGHT', 'PARTLETTER': 'C', 'VALUE': '0.1uF', 'VALUENUMBER': '0.1', 'PACKAGENUMBER': '0402', 'BOM': '', 'OWNER': 'SPAR', 'FULL': 'C5,0.1uF,0.1UF-0402T-6.3V-10%-X7R,0402-TIGHT,0.1µF ceramic capacitors,,'}}, 'C6': {'OOMPID': 'CAPC-0402-X-NF100-V16', 'FULL': {'DESC': '0.1µF ceramic capacitors', 'PART': 'C6', 'DEVICE': '0.1UF-0402T-6.3V-10%-X7R', 'PACKAGE': '0402-TIGHT', 'PARTLETTER': 'C', 'VALUE': '0.1uF', 'VALUENUMBER': '0.1', 'PACKAGENUMBER': '0402', 'BOM': '', 'OWNER': 'SPAR', 'FULL': 'C6,0.1uF,0.1UF-0402T-6.3V-10%-X7R,0402-TIGHT,0.1µF ceramic capacitors,,'}}, 'C7': {'OOMPID': 'CAPC-0402-X-NF100-V16', 'FULL': {'DESC': '0.1µF ceramic capacitors', 'PART': 'C7', 'DEVICE': '0.1UF-0402T-6.3V-10%-X7R', 'PACKAGE': '0402-TIGHT', 'PARTLETTER': 'C', 'VALUE': '0.1uF', 'VALUENUMBER': '0.1', 'PACKAGENUMBER': '0402', 'BOM': '', 'OWNER': 'SPAR', 'FULL': 'C7,0.1uF,0.1UF-0402T-6.3V-10%-X7R,0402-TIGHT,0.1µF ceramic capacitors,,'}}, 'C8': {'OOMPID': 'CAPC-0402-X-PF47-V50', 'FULL': {'DESC': '47pF ceramic capacitors', 'PART': 'C8', 'DEVICE': '47PF-0402-25V-5%-X7R', 'PACKAGE': '0402', 'PARTLETTER': 'C', 'VALUE': '47pF', 'VALUENUMBER': '47', 'PACKAGENUMBER': '0402', 'BOM': '', 'OWNER': 'SPAR', 'FULL': 'C8,47pF,47PF-0402-25V-5%-X7R,0402,47pF ceramic capacitors,,'}}, 'C9': {'OOMPID': 'CAPC-0402-X-UF1-V63D', 'FULL': {'DESC': '1µF ceramic capacitors', 'PART': 'C9', 'DEVICE': '1.0UF-0402T-16V-10%', 'PACKAGE': '0402-TIGHT', 'PARTLETTER': 'C', 'VALUE': '1.0uF', 'VALUENUMBER': '1.0', 'PACKAGENUMBER': '0402', 'BOM': '', 'OWNER': 'SPAR', 'FULL': 'C9,1.0uF,1.0UF-0402T-16V-10%,0402-TIGHT,1µF ceramic capacitors,,'}}, 'C10': {'OOMPID': 'CAPC-0402-X-UF1-V63D', 'FULL': {'DESC': '1µF ceramic capacitors', 'PART': 'C10', 'DEVICE': '1.0UF-0402T-16V-10%', 'PACKAGE': '0402-TIGHT', 'PARTLETTER': 'C', 'VALUE': '1.0uF', 'VALUENUMBER': '1.0', 'PACKAGENUMBER': '0402', 'BOM': '', 'OWNER': 'SPAR', 'FULL': 'C10,1.0uF,1.0UF-0402T-16V-10%,0402-TIGHT,1µF ceramic capacitors,,'}}, 'D1': {'OOMPID': 'DIOD-SO23-X-UNMATCHED-01', 'FULL': {'DESC': 'Zener Diode', 'PART': 'D1', 'DEVICE': 'DIODE-ZENER-BZX84C15LT3G', 'PACKAGE': 'SOT23-3', 'PARTLETTER': 'D', 'VALUE': '15V', 'VALUENUMBER': '15', 'PACKAGENUMBER': '233', 'BOM': '', 'OWNER': 'SPAR', 'FULL': 'D1,15V,DIODE-ZENER-BZX84C15LT3G,SOT23-3,Zener Diode,,'}}, 'D2': {'OOMPID': 'DIOD-SO23-X-UNMATCHED-01', 'FULL': {'DESC': 'Zener Diode', 'PART': 'D2', 'DEVICE': 'DIODE-ZENER-BZX84C15LT3G', 'PACKAGE': 'SOT23-3', 'PARTLETTER': 'D', 'VALUE': '15V', 'VALUENUMBER': '15', 'PACKAGENUMBER': '233', 'BOM': '', 'OWNER': 'SPAR', 'FULL': 'D2,15V,DIODE-ZENER-BZX84C15LT3G,SOT23-3,Zener Diode,,'}}, 'D3': {'OOMPID': 'DIOD-UNMATCHED-X-UNMATCHED-01', 'FULL': {'DESC': 'A small ESD protection device. Most commonly used on USB D+/D- signals to protect large, expensive, or especially sensitive USB enabled devices.', 'PART': 'D3', 'DEVICE': 'PRTR5V0U2F', 'PACKAGE': 'SOT886', 'PARTLETTER': 'D', 'VALUE': 'PRTR5V0U2F', 'VALUENUMBER': '502', 'PACKAGENUMBER': '886', 'BOM': '', 'OWNER': 'SPAR', 'FULL': 'D3,PRTR5V0U2F,PRTR5V0U2F,SOT886,A small ESD protection device. Most commonly used on USB D+/D- signals to protect large, expensive, or especially sensitive USB enabled devices.,,'}}, 'D4': {'OOMPID': 'LEDS-0603-R-STAN-01', 'FULL': {'DESC': 'Red SMD LED', 'PART': 'D4', 'DEVICE': 'LED-RED0603', 'PACKAGE': 'LED-0603', 'PARTLETTER': 'D', 'VALUE': 'RED', 'VALUENUMBER': '', 'PACKAGENUMBER': '0603', 'BOM': '', 'OWNER': 'SPAR', 'FULL': 'D4,RED,LED-RED0603,LED-0603,Red SMD LED,,'}}, 'D5': {'OOMPID': 'LEDS-0603-L-STAN-01', 'FULL': {'DESC': 'Blue SMD LED', 'PART': 'D5', 'DEVICE': 'LED-BLUE0603', 'PACKAGE': 'LED-0603', 'PARTLETTER': 'D', 'VALUE': 'BLUE', 'VALUENUMBER': '', 'PACKAGENUMBER': '0603', 'BOM': '', 'OWNER': 'SPAR', 'FULL': 'D5,BLUE,LED-BLUE0603,LED-0603,Blue SMD LED,,'}}, 'D6': {'OOMPID': 'LEDS-0603-L-STAN-01', 'FULL': {'DESC': 'Blue SMD LED', 'PART': 'D6', 'DEVICE': 'LED-BLUE0603', 'PACKAGE': 'LED-0603', 'PARTLETTER': 'D', 'VALUE': 'BLUE', 'VALUENUMBER': '', 'PACKAGENUMBER': '0603', 'BOM': '', 'OWNER': 'SPAR', 'FULL': 'D6,BLUE,LED-BLUE0603,LED-0603,Blue SMD LED,,'}}, 'D7': {'OOMPID': 'LEDS-0603-L-STAN-01', 'FULL': {'DESC': 'Blue SMD LED', 'PART': 'D7', 'DEVICE': 'LED-BLUE0603', 'PACKAGE': 'LED-0603', 'PARTLETTER': 'D', 'VALUE': 'BLUE', 'VALUENUMBER': '', 'PACKAGENUMBER': '0603', 'BOM': '', 'OWNER': 'SPAR', 'FULL': 'D7,BLUE,LED-BLUE0603,LED-0603,Blue SMD LED,,'}}, 'D8': {'OOMPID': 'DIOD-S323-X-UNMATCHED-01', 'FULL': {'DESC': 'Schottky diode', 'PART': 'D8', 'DEVICE': 'DIODE-SCHOTTKY-PMEG4005EJ', 'PACKAGE': 'SOD-323', 'PARTLETTER': 'D', 'VALUE': '0.5A/40V/420mV', 'VALUENUMBER': '0.5/40/420', 'PACKAGENUMBER': '323', 'BOM': '', 'OWNER': 'SPAR', 'FULL': 'D8,0.5A/40V/420mV,DIODE-SCHOTTKY-PMEG4005EJ,SOD-323,Schottky diode,,'}}, 'D9': {'OOMPID': 'DIOD-0402-X-UNMATCHED-01', 'FULL': {'DESC': 'ESD protection diode', 'PART': 'D9', 'DEVICE': 'PESD0402-0402', 'PACKAGE': '0402', 'PARTLETTER': 'D', 'VALUE': 'PESD0402-0402', 'VALUENUMBER': '0402-0402', 'PACKAGENUMBER': '0402', 'BOM': '', 'OWNER': 'SPAR', 'FULL': 'D9,PESD0402-0402,PESD0402-0402,0402,ESD protection diode,,'}}, 'E1': {'OOMPID': 'UNMATCHED-UNMATCHED-X-UNMATCHED-01', 'FULL': {'DESC': 'SMA Antenna Connector w/ Ground', 'PART': 'E1', 'DEVICE': 'ANTENNA-SMA-GROUNDEDEDGE_SMA', 'PACKAGE': 'SMA-EDGE', 'PARTLETTER': 'E', 'VALUE': 'ANTENNA-SMA-GROUNDEDEDGE_SMA', 'VALUENUMBER': '--_', 'PACKAGENUMBER': '', 'BOM': '', 'OWNER': 'SPAR', 'FULL': 'E1,ANTENNA-SMA-GROUNDEDEDGE_SMA,ANTENNA-SMA-GROUNDEDEDGE_SMA,SMA-EDGE,SMA Antenna Connector w/ Ground,,'}}, 'FB1': {'OOMPID': 'FERB-0402-X-UNMATCHED-01', 'FULL': {'DESC': 'Ferrite Bead (blocks, cores, rings, chokes, etc.)', 'PART': 'FB1', 'DEVICE': 'FERRITE_BEAD-120_OHM-0402', 'PACKAGE': '0402', 'PARTLETTER': 'FB', 'VALUE': '120Ω', 'VALUENUMBER': '120Ω', 'PACKAGENUMBER': '0402', 'BOM': '', 'OWNER': 'SPAR', 'FULL': 'FB1,120Ω,FERRITE_BEAD-120_OHM-0402,0402,Ferrite Bead (blocks, cores, rings, chokes, etc.),,'}}, 'J2': {'OOMPID': 'UNMATCHED-UNMATCHED-X-UNMATCHED-01', 'FULL': {'DESC': 'USB Type C 16Pin Connector', 'PART': 'J2', 'DEVICE': 'USB_C_2-LAYER_PADS', 'PACKAGE': 'USB-C-16P-2LAYER-PADS', 'PARTLETTER': 'J', 'VALUE': '', 'VALUENUMBER': '', 'PACKAGENUMBER': '162', 'BOM': '', 'OWNER': 'SPAR', 'FULL': 'J2,,USB_C_2-LAYER_PADS,USB-C-16P-2LAYER-PADS,USB Type C 16Pin Connector,,'}}, 'J3': {'OOMPID': 'HEAD-JSTSH-X-PI04-RS', 'FULL': {'DESC': 'SparkFun I2C Standard Qwiic Connector', 'PART': 'J3', 'DEVICE': 'QWIIC_CONNECTORJS-1MM', 'PACKAGE': 'JST04_1MM_RA', 'PARTLETTER': 'J', 'VALUE': 'QWIIC_RIGHT_ANGLE', 'VALUENUMBER': '__', 'PACKAGENUMBER': '041', 'BOM': '', 'OWNER': 'SPAR', 'FULL': 'J3,QWIIC_RIGHT_ANGLE,QWIIC_CONNECTORJS-1MM,JST04_1MM_RA,SparkFun I2C Standard Qwiic Connector,,'}}, 'J4': {'OOMPID': 'HEAD-JSTSH-X-PI04-RS', 'FULL': {'DESC': 'SparkFun I2C Standard Qwiic Connector', 'PART': 'J4', 'DEVICE': 'QWIIC_CONNECTORJS-1MM', 'PACKAGE': 'JST04_1MM_RA', 'PARTLETTER': 'J', 'VALUE': 'QWIIC_RIGHT_ANGLE', 'VALUENUMBER': '__', 'PACKAGENUMBER': '041', 'BOM': '', 'OWNER': 'SPAR', 'FULL': 'J4,QWIIC_RIGHT_ANGLE,QWIIC_CONNECTORJS-1MM,JST04_1MM_RA,SparkFun I2C Standard Qwiic Connector,,'}}, 'J5': {'OOMPID': 'HEAD-I01-X-PI11-01', 'FULL': {'DESC': 'Multi connection point. Often used as Generic Header-pin footprint for 0.1 inch spaced/style header connections', 'PART': 'J5', 'DEVICE': 'CONN_111X11_NO_SILK', 'PACKAGE': '1X11_NO_SILK', 'PARTLETTER': 'J', 'VALUE': '', 'VALUENUMBER': '', 'PACKAGENUMBER': '111', 'BOM': '', 'OWNER': 'SPAR', 'FULL': 'J5,,CONN_111X11_NO_SILK,1X11_NO_SILK,Multi connection point. Often used as Generic Header-pin footprint for 0.1 inch spaced/style header connections,,'}}, 'J6': {'OOMPID': 'HEAD-I01-X-PI09-01', 'FULL': {'DESC': 'Multi connection point. Often used as Generic Header-pin footprint for 0.1 inch spaced/style header connections', 'PART': 'J6', 'DEVICE': 'CONN_09NO_SILK', 'PACKAGE': '1X09_NO_SILK', 'PARTLETTER': 'J', 'VALUE': '', 'VALUENUMBER': '', 'PACKAGENUMBER': '109', 'BOM': '', 'OWNER': 'SPAR', 'FULL': 'J6,,CONN_09NO_SILK,1X09_NO_SILK,Multi connection point. Often used as Generic Header-pin footprint for 0.1 inch spaced/style header connections,,'}}, 'J7': {'OOMPID': 'HEAD-I01-X-PI06-01', 'FULL': {'DESC': 'Multi connection point. Often used as Generic Header-pin footprint for 0.1 inch spaced/style header connections', 'PART': 'J7', 'DEVICE': 'CONN_06NO_SILK_NO_POP', 'PACKAGE': '1X06_NO_SILK', 'PARTLETTER': 'J', 'VALUE': '', 'VALUENUMBER': '', 'PACKAGENUMBER': '106', 'BOM': '', 'OWNER': 'SPAR', 'FULL': 'J7,,CONN_06NO_SILK_NO_POP,1X06_NO_SILK,Multi connection point. Often used as Generic Header-pin footprint for 0.1 inch spaced/style header connections,,'}}, 'LOGO2': {'OOMPID': 'HEAD-JSTSH-X-PI04-RS', 'FULL': {'DESC': 'Qwiic Logos for placement on schematic and PCB. The 5.5mm silk logo is best for placing next to Qwiic connector.', 'PART': 'LOGO2', 'DEVICE': 'QWIIC_LOGO_4MM', 'PACKAGE': 'QWIIC_4MM', 'PARTLETTER': 'LOGO', 'VALUE': 'QWIIC_LOGO_4MM', 'VALUENUMBER': '__4', 'PACKAGENUMBER': '4', 'BOM': '', 'OWNER': 'SPAR', 'FULL': 'LOGO2,QWIIC_LOGO_4MM,QWIIC_LOGO_4MM,QWIIC_4MM,Qwiic Logos for placement on schematic and PCB. The 5.5mm silk logo is best for placing next to Qwiic connector.,,'}}, 'R1': {'OOMPID': 'RESE-0603-X-O332-01', 'FULL': {'DESC': '3.3kΩ resistor', 'PART': 'R1', 'DEVICE': '3.3KOHM-0603-1/10W-1%', 'PACKAGE': '0603', 'PARTLETTER': 'R', 'VALUE': '3.3k', 'VALUENUMBER': '3.3', 'PACKAGENUMBER': '0603', 'BOM': '', 'OWNER': 'SPAR', 'FULL': 'R1,3.3k,3.3KOHM-0603-1/10W-1%,0603,3.3kΩ resistor,,'}}, 'R2': {'OOMPID': 'RESE-0603-X-O332-01', 'FULL': {'DESC': '3.3kΩ resistor', 'PART': 'R2', 'DEVICE': '3.3KOHM-0603-1/10W-1%', 'PACKAGE': '0603', 'PARTLETTER': 'R', 'VALUE': '3.3k', 'VALUENUMBER': '3.3', 'PACKAGENUMBER': '0603', 'BOM': '', 'OWNER': 'SPAR', 'FULL': 'R2,3.3k,3.3KOHM-0603-1/10W-1%,0603,3.3kΩ resistor,,'}}, 'R3': {'OOMPID': 'RESE-0402-X-O1003-01', 'FULL': {'DESC': '100kΩ resistor', 'PART': 'R3', 'DEVICE': '100KOHM-0402-1/16W-1%', 'PACKAGE': '0402', 'PARTLETTER': 'R', 'VALUE': '100K', 'VALUENUMBER': '100', 'PACKAGENUMBER': '0402', 'BOM': '', 'OWNER': 'SPAR', 'FULL': 'R3,100K,100KOHM-0402-1/16W-1%,0402,100kΩ resistor,,'}}, 'R4': {'OOMPID': 'RESE-0603-X-O911-01', 'FULL': {'DESC': '910 Ohm Resistor', 'PART': 'R4', 'DEVICE': '910OHM-0603-1/10W-5%', 'PACKAGE': '0603', 'PARTLETTER': 'R', 'VALUE': '910', 'VALUENUMBER': '910', 'PACKAGENUMBER': '0603', 'BOM': '', 'OWNER': 'SPAR', 'FULL': 'R4,910,910OHM-0603-1/10W-5%,0603,910 Ohm Resistor,,'}}, 'R5': {'OOMPID': 'RESE-0603-X-O471-01', 'FULL': {'DESC': '470Ω resistor', 'PART': 'R5', 'DEVICE': '470OHM-0603-1/10W-1%', 'PACKAGE': '0603', 'PARTLETTER': 'R', 'VALUE': '470', 'VALUENUMBER': '470', 'PACKAGENUMBER': '0603', 'BOM': '', 'OWNER': 'SPAR', 'FULL': 'R5,470,470OHM-0603-1/10W-1%,0603,470Ω resistor,,'}}, 'R6': {'OOMPID': 'RESE-0603-X-O471-01', 'FULL': {'DESC': '470Ω resistor', 'PART': 'R6', 'DEVICE': '470OHM-0603-1/10W-1%', 'PACKAGE': '0603', 'PARTLETTER': 'R', 'VALUE': '470', 'VALUENUMBER': '470', 'PACKAGENUMBER': '0603', 'BOM': '', 'OWNER': 'SPAR', 'FULL': 'R6,470,470OHM-0603-1/10W-1%,0603,470Ω resistor,,'}}, 'R7': {'OOMPID': 'RESE-0603-X-O911-01', 'FULL': {'DESC': '910 Ohm Resistor', 'PART': 'R7', 'DEVICE': '910OHM-0603-1/10W-5%', 'PACKAGE': '0603', 'PARTLETTER': 'R', 'VALUE': '910', 'VALUENUMBER': '910', 'PACKAGENUMBER': '0603', 'BOM': '', 'OWNER': 'SPAR', 'FULL': 'R7,910,910OHM-0603-1/10W-5%,0603,910 Ohm Resistor,,'}}, 'R8': {'OOMPID': 'RESE-1206-X-O330-01', 'FULL': {'DESC': 'EXB-38V330JV', 'PART': 'R8', 'DEVICE': '33OHM_RA-1206-1/16W-5%', 'PACKAGE': '1206_RA', 'PARTLETTER': 'R', 'VALUE': '33', 'VALUENUMBER': '33', 'PACKAGENUMBER': '1206', 'BOM': '', 'OWNER': 'SPAR', 'FULL': 'R8,33,33OHM_RA-1206-1/16W-5%,1206_RA,EXB-38V330JV,,'}}, 'R9': {'OOMPID': 'RESE-1206-X-O330-01', 'FULL': {'DESC': 'EXB-38V330JV', 'PART': 'R9', 'DEVICE': '33OHM_RA-1206-1/16W-5%', 'PACKAGE': '1206_RA', 'PARTLETTER': 'R', 'VALUE': '33', 'VALUENUMBER': '33', 'PACKAGENUMBER': '1206', 'BOM': '', 'OWNER': 'SPAR', 'FULL': 'R9,33,33OHM_RA-1206-1/16W-5%,1206_RA,EXB-38V330JV,,'}}, 'R10': {'OOMPID': 'RESE-1206-X-O330-01', 'FULL': {'DESC': 'EXB-38V330JV', 'PART': 'R10', 'DEVICE': '33OHM_RA-1206-1/16W-5%', 'PACKAGE': '1206_RA', 'PARTLETTER': 'R', 'VALUE': '33', 'VALUENUMBER': '33', 'PACKAGENUMBER': '1206', 'BOM': '', 'OWNER': 'SPAR', 'FULL': 'R10,33,33OHM_RA-1206-1/16W-5%,1206_RA,EXB-38V330JV,,'}}, 'R11': {'OOMPID': 'RESE-1206-X-O330-01', 'FULL': {'DESC': 'EXB-38V330JV', 'PART': 'R11', 'DEVICE': '33OHM_RA-1206-1/16W-5%', 'PACKAGE': '1206_RA', 'PARTLETTER': 'R', 'VALUE': '33', 'VALUENUMBER': '33', 'PACKAGENUMBER': '1206', 'BOM': '', 'OWNER': 'SPAR', 'FULL': 'R11,33,33OHM_RA-1206-1/16W-5%,1206_RA,EXB-38V330JV,,'}}, 'R12': {'OOMPID': 'RESE-0603-X-O330-01', 'FULL': {'DESC': '33Ω resistor', 'PART': 'R12', 'DEVICE': '33OHM-0603-1/10W-1%', 'PACKAGE': '0603', 'PARTLETTER': 'R', 'VALUE': '33', 'VALUENUMBER': '33', 'PACKAGENUMBER': '0603', 'BOM': '', 'OWNER': 'SPAR', 'FULL': 'R12,33,33OHM-0603-1/10W-1%,0603,33Ω resistor,,'}}, 'R13': {'OOMPID': 'RESE-0603-X-O330-01', 'FULL': {'DESC': '33Ω resistor', 'PART': 'R13', 'DEVICE': '33OHM-0603-1/10W-1%', 'PACKAGE': '0603', 'PARTLETTER': 'R', 'VALUE': '33', 'VALUENUMBER': '33', 'PACKAGENUMBER': '0603', 'BOM': '', 'OWNER': 'SPAR', 'FULL': 'R13,33,33OHM-0603-1/10W-1%,0603,33Ω resistor,,'}}, 'R14': {'OOMPID': 'RESE-0402-X-O472-01', 'FULL': {'DESC': '', 'PART': 'R14', 'DEVICE': '5.1KOHM-0402-1/16W-1%', 'PACKAGE': '0402', 'PARTLETTER': 'R', 'VALUE': '5.1k', 'VALUENUMBER': '5.1', 'PACKAGENUMBER': '0402', 'BOM': '', 'OWNER': 'SPAR', 'FULL': 'R14,5.1k,5.1KOHM-0402-1/16W-1%,0402,,,'}}, 'R15': {'OOMPID': 'RESE-0402-X-O472-01', 'FULL': {'DESC': '', 'PART': 'R15', 'DEVICE': '5.1KOHM-0402-1/16W-1%', 'PACKAGE': '0402', 'PARTLETTER': 'R', 'VALUE': '5.1k', 'VALUENUMBER': '5.1', 'PACKAGENUMBER': '0402', 'BOM': '', 'OWNER': 'SPAR', 'FULL': 'R15,5.1k,5.1KOHM-0402-1/16W-1%,0402,,,'}}, 'R16': {'OOMPID': 'RESE-0402-X-O472-01', 'FULL': {'DESC': '4.7kΩ resistor', 'PART': 'R16', 'DEVICE': '4.7KOHM-0402T-1/16W-1%', 'PACKAGE': '0402-TIGHT', 'PARTLETTER': 'R', 'VALUE': '4.7k', 'VALUENUMBER': '4.7', 'PACKAGENUMBER': '0402', 'BOM': '', 'OWNER': 'SPAR', 'FULL': 'R16,4.7k,4.7KOHM-0402T-1/16W-1%,0402-TIGHT,4.7kΩ resistor,,'}}, 'R17': {'OOMPID': 'RESE-0402-X-UNMATCHED-01', 'FULL': {'DESC': '1kΩ resistor', 'PART': 'R17', 'DEVICE': '1KOHM-0402-1/16W-1%', 'PACKAGE': '0402', 'PARTLETTER': 'R', 'VALUE': '1KOHM-0402-1/16W-1%', 'VALUENUMBER': '1-0402-1/16-1%', 'PACKAGENUMBER': '0402', 'BOM': '', 'OWNER': 'SPAR', 'FULL': 'R17,1KOHM-0402-1/16W-1%,1KOHM-0402-1/16W-1%,0402,1kΩ resistor,,'}}, 'R18': {'OOMPID': 'RESE-0402-X-UNMATCHED-01', 'FULL': {'DESC': '1kΩ resistor', 'PART': 'R18', 'DEVICE': '1KOHM-0402-1/16W-1%', 'PACKAGE': '0402', 'PARTLETTER': 'R', 'VALUE': '1KOHM-0402-1/16W-1%', 'VALUENUMBER': '1-0402-1/16-1%', 'PACKAGENUMBER': '0402', 'BOM': '', 'OWNER': 'SPAR', 'FULL': 'R18,1KOHM-0402-1/16W-1%,1KOHM-0402-1/16W-1%,0402,1kΩ resistor,,'}}, 'R19': {'OOMPID': 'RESE-0402-X-UNMATCHED-01', 'FULL': {'DESC': '1kΩ resistor', 'PART': 'R19', 'DEVICE': '1KOHM-0402-1/16W-1%', 'PACKAGE': '0402', 'PARTLETTER': 'R', 'VALUE': '1KOHM-0402-1/16W-1%', 'VALUENUMBER': '1-0402-1/16-1%', 'PACKAGENUMBER': '0402', 'BOM': '', 'OWNER': 'SPAR', 'FULL': 'R19,1KOHM-0402-1/16W-1%,1KOHM-0402-1/16W-1%,0402,1kΩ resistor,,'}}, 'R20': {'OOMPID': 'RESE-0402-X-UNMATCHED-01', 'FULL': {'DESC': '1kΩ resistor', 'PART': 'R20', 'DEVICE': '1KOHM-0402-1/16W-1%', 'PACKAGE': '0402', 'PARTLETTER': 'R', 'VALUE': '1KOHM-0402-1/16W-1%', 'VALUENUMBER': '1-0402-1/16-1%', 'PACKAGENUMBER': '0402', 'BOM': '', 'OWNER': 'SPAR', 'FULL': 'R20,1KOHM-0402-1/16W-1%,1KOHM-0402-1/16W-1%,0402,1kΩ resistor,,'}}, 'R21': {'OOMPID': 'RESE-0603-X-O270-01', 'FULL': {'DESC': '27Ω resistor', 'PART': 'R21', 'DEVICE': '27OHM-0603-1/10W-1%', 'PACKAGE': '0603', 'PARTLETTER': 'R', 'VALUE': '27', 'VALUENUMBER': '27', 'PACKAGENUMBER': '0603', 'BOM': '', 'OWNER': 'SPAR', 'FULL': 'R21,27,27OHM-0603-1/10W-1%,0603,27Ω resistor,,'}}, 'R22': {'OOMPID': 'RESE-0603-X-O270-01', 'FULL': {'DESC': '27Ω resistor', 'PART': 'R22', 'DEVICE': '27OHM-0603-1/10W-1%', 'PACKAGE': '0603', 'PARTLETTER': 'R', 'VALUE': '27', 'VALUENUMBER': '27', 'PACKAGENUMBER': '0603', 'BOM': '', 'OWNER': 'SPAR', 'FULL': 'R22,27,27OHM-0603-1/10W-1%,0603,27Ω resistor,,'}}, 'R23': {'OOMPID': 'RESE-0402-X-O472-01', 'FULL': {'DESC': '4.7kΩ resistor', 'PART': 'R23', 'DEVICE': '4.7KOHM-0402T-1/16W-1%', 'PACKAGE': '0402-TIGHT', 'PARTLETTER': 'R', 'VALUE': '4.7k', 'VALUENUMBER': '4.7', 'PACKAGENUMBER': '0402', 'BOM': '', 'OWNER': 'SPAR', 'FULL': 'R23,4.7k,4.7KOHM-0402T-1/16W-1%,0402-TIGHT,4.7kΩ resistor,,'}}, 'R24': {'OOMPID': 'RESE-0603-X-O332-01', 'FULL': {'DESC': '3.3kΩ resistor', 'PART': 'R24', 'DEVICE': '3.3KOHM-0603-1/10W-1%', 'PACKAGE': '0603', 'PARTLETTER': 'R', 'VALUE': '3.3k', 'VALUENUMBER': '3.3', 'PACKAGENUMBER': '0603', 'BOM': '', 'OWNER': 'SPAR', 'FULL': 'R24,3.3k,3.3KOHM-0603-1/10W-1%,0603,3.3kΩ resistor,,'}}, 'U1': {'OOMPID': 'UNMATCHED-UNMATCHED-X-UNMATCHED-01', 'FULL': {'DESC': 'HCPL-073L', 'PART': 'U1', 'DEVICE': 'DUAL-OPTO_HCPL-073LSOIC-8', 'PACKAGE': 'SO08', 'PARTLETTER': 'U', 'VALUE': 'DUAL-OPTO_HCPL-073LSOIC-8', 'VALUENUMBER': '-_-073-8', 'PACKAGENUMBER': '08', 'BOM': '', 'OWNER': 'SPAR', 'FULL': 'U1,DUAL-OPTO_HCPL-073LSOIC-8,DUAL-OPTO_HCPL-073LSOIC-8,SO08,HCPL-073L,,'}}, 'U2': {'OOMPID': 'UNMATCHED-UNMATCHED-X-UNMATCHED-01', 'FULL': {'DESC': 'u-blox ZED-F9K ADR', 'PART': 'U2', 'DEVICE': 'U-BLOX_ZED_F9K', 'PACKAGE': 'UBLOX_ZED_F9K', 'PARTLETTER': 'U', 'VALUE': 'U-BLOX_ZED_F9K', 'VALUENUMBER': '-__9', 'PACKAGENUMBER': '9', 'BOM': '', 'OWNER': 'SPAR', 'FULL': 'U2,U-BLOX_ZED_F9K,U-BLOX_ZED_F9K,UBLOX_ZED_F9K,u-blox ZED-F9K ADR,,'}}, 'U3': {'OOMPID': 'UNMATCHED-UNMATCHED-X-UNMATCHED-01', 'FULL': {'DESC': 'NC7SZ14', 'PART': 'U3', 'DEVICE': 'UHS_INVERTER_SCHMITT_TRIGGERSIP6', 'PACKAGE': 'SIP6', 'PARTLETTER': 'U', 'VALUE': 'UHS_INVERTER_SCHMITT_TRIGGERSIP6', 'VALUENUMBER': '___6', 'PACKAGENUMBER': '6', 'BOM': '', 'OWNER': 'SPAR', 'FULL': 'U3,UHS_INVERTER_SCHMITT_TRIGGERSIP6,UHS_INVERTER_SCHMITT_TRIGGERSIP6,SIP6,NC7SZ14,,'}}, 'U4': {'OOMPID': 'UNMATCHED-UNMATCHED-X-UNMATCHED-01', 'FULL': {'DESC': 'NC7SZ14', 'PART': 'U4', 'DEVICE': 'UHS_INVERTER_SCHMITT_TRIGGERSIP6', 'PACKAGE': 'SIP6', 'PARTLETTER': 'U', 'VALUE': 'UHS_INVERTER_SCHMITT_TRIGGERSIP6', 'VALUENUMBER': '___6', 'PACKAGENUMBER': '6', 'BOM': '', 'OWNER': 'SPAR', 'FULL': 'U4,UHS_INVERTER_SCHMITT_TRIGGERSIP6,UHS_INVERTER_SCHMITT_TRIGGERSIP6,SIP6,NC7SZ14,,'}}, 'U5': {'OOMPID': 'VREG-SO235-X-KAP2112K-V33D', 'FULL': {'DESC': 'AP2112 - 600mA CMOS LDO Regulator w/ Enable', 'PART': 'U5', 'DEVICE': 'V_REG_AP2112K-3.3V', 'PACKAGE': 'SOT23-5', 'PARTLETTER': 'U', 'VALUE': '3.3V', 'VALUENUMBER': '3.3', 'PACKAGENUMBER': '235', 'BOM': '', 'OWNER': 'SPAR', 'FULL': 'U5,3.3V,V_REG_AP2112K-3.3V,SOT23-5,AP2112 - 600mA CMOS LDO Regulator w/ Enable,,'}}};;{'kicadBom': [{'Part': 'U$23', 'Value': '', 'Device': 'BLK225 ', 'Package': 'BLK225', 'Description': '', 'BOM': ''}, {'Part': 'FD3', 'Value': 'FIDUCIALUFIDUCIAL', 'Device': 'FIDUCIAL-MICRO FIDUCIALUFIDUCIAL', 'Package': 'FIDUCIAL-MICRO', 'Description': '', 'BOM': ''}, {'Part': 'FD1', 'Value': 'FIDUCIALUFIDUCIAL', 'Device': 'FIDUCIAL-MICRO FIDUCIALUFIDUCIAL', 'Package': 'FIDUCIAL-MICRO', 'Description': '', 'BOM': ''}, {'Part': 'FD2', 'Value': 'FIDUCIALUFIDUCIAL', 'Device': 'FIDUCIAL-MICRO FIDUCIALUFIDUCIAL', 'Package': 'FIDUCIAL-MICRO', 'Description': '', 'BOM': ''}, {'Part': 'FD4', 'Value': 'FIDUCIALUFIDUCIAL', 'Device': 'FIDUCIAL-MICRO FIDUCIALUFIDUCIAL', 'Package': 'FIDUCIAL-MICRO', 'Description': '', 'BOM': ''}, {'Part': 'U$32', 'Value': '', 'Device': 'X1 ', 'Package': 'X1', 'Description': '', 'BOM': ''}, {'Part': 'J4', 'Value': 'QWIIC_RIGHT_ANGLE', 'Device': 'JST04_1MM_RA QWIIC_RIGHT_ANGLE', 'Package': 'JST04_1MM_RA', 'Description': '', 'BOM': ''}, {'Part': 'J3', 'Value': 'QWIIC_RIGHT_ANGLE', 'Device': 'JST04_1MM_RA QWIIC_RIGHT_ANGLE', 'Package': 'JST04_1MM_RA', 'Description': '', 'BOM': ''}, {'Part': 'U$17', 'Value': '', 'Device': '#GND#0 ', 'Package': '#GND#0', 'Description': '', 'BOM': ''}, {'Part': 'U$16', 'Value': '', 'Device': '#GND#0 ', 'Package': '#GND#0', 'Description': '', 'BOM': ''}, {'Part': 'U$44', 'Value': '', 'Device': '#GND#0 ', 'Package': '#GND#0', 'Description': '', 'BOM': ''}, {'Part': 'U$25', 'Value': '', 'Device': '#GND#0 ', 'Package': '#GND#0', 'Description': '', 'BOM': ''}, {'Part': 'U$58', 'Value': '', 'Device': '#GND#0 ', 'Package': '#GND#0', 'Description': '', 'BOM': ''}, {'Part': 'U$36', 'Value': '', 'Device': '#GND#0 ', 'Package': '#GND#0', 'Description': '', 'BOM': ''}, {'Part': 'R9', 'Value': '33', 'Device': '1206_RA 33', 'Package': '1206_RA', 'Description': '', 'BOM': ''}, {'Part': 'R10', 'Value': '33', 'Device': '1206_RA 33', 'Package': '1206_RA', 'Description': '', 'BOM': ''}, {'Part': 'R11', 'Value': '33', 'Device': '1206_RA 33', 'Package': '1206_RA', 'Description': '', 'BOM': ''}, {'Part': 'R8', 'Value': '33', 'Device': '1206_RA 33', 'Package': '1206_RA', 'Description': '', 'BOM': ''}, {'Part': 'R17', 'Value': '1KOHM-0402-1/16W-1%', 'Device': '0402 1KOHM-0402-1/16W-1%', 'Package': '0402', 'Description': '', 'BOM': ''}, {'Part': 'R20', 'Value': '1KOHM-0402-1/16W-1%', 'Device': '0402 1KOHM-0402-1/16W-1%', 'Package': '0402', 'Description': '', 'BOM': ''}, {'Part': 'R19', 'Value': '1KOHM-0402-1/16W-1%', 'Device': '0402 1KOHM-0402-1/16W-1%', 'Package': '0402', 'Description': '', 'BOM': ''}, {'Part': 'R18', 'Value': '1KOHM-0402-1/16W-1%', 'Device': '0402 1KOHM-0402-1/16W-1%', 'Package': '0402', 'Description': '', 'BOM': ''}, {'Part': 'U$67', 'Value': '', 'Device': '#TXR#19 ', 'Package': '#TXR#19', 'Description': '', 'BOM': ''}, {'Part': 'U$49', 'Value': '', 'Device': 'L1#L2229 ', 'Package': 'L1#L2229', 'Description': '', 'BOM': ''}, {'Part': 'U$69', 'Value': '', 'Device': '##SFBT##18 ', 'Package': '##SFBT##18', 'Description': '', 'BOM': ''}, {'Part': 'U$13', 'Value': '', 'Device': '##CS##11 ', 'Package': '##CS##11', 'Description': '', 'BOM': ''}, {'Part': 'U$68', 'Value': '', 'Device': '##RST##17 ', 'Package': '##RST##17', 'Description': '', 'BOM': ''}, {'Part': 'D5', 'Value': 'BLUE', 'Device': 'LED-0603 BLUE', 'Package': 'LED-0603', 'Description': '', 'BOM': ''}, {'Part': 'D6', 'Value': 'BLUE', 'Device': 'LED-0603 BLUE', 'Package': 'LED-0603', 'Description': '', 'BOM': ''}, {'Part': 'D7', 'Value': 'BLUE', 'Device': 'LED-0603 BLUE', 'Package': 'LED-0603', 'Description': '', 'BOM': ''}, {'Part': 'U$4', 'Value': '', 'Device': 'RTK24 ', 'Package': 'RTK24', 'Description': '', 'BOM': ''}, {'Part': 'U$63', 'Value': '', 'Device': 'Z0 ', 'Package': 'Z0', 'Description': '', 'BOM': ''}, {'Part': 'U$57', 'Value': '', 'Device': 'Z0 ', 'Package': 'Z0', 'Description': '', 'BOM': ''}, {'Part': 'R14', 'Value': '5.1k', 'Device': '0402 5.1k', 'Package': '0402', 'Description': '', 'BOM': ''}, {'Part': 'R15', 'Value': '5.1k', 'Device': '0402 5.1k', 'Package': '0402', 'Description': '', 'BOM': ''}, {'Part': 'R22', 'Value': '27', 'Device': '0603 27', 'Package': '0603', 'Description': '', 'BOM': ''}, {'Part': 'R21', 'Value': '27', 'Device': '0603 27', 'Package': '0603', 'Description': '', 'BOM': ''}, {'Part': 'U$15', 'Value': '', 'Device': '#5V#1 ', 'Package': '#5V#1', 'Description': '', 'BOM': ''}, {'Part': 'U$24', 'Value': '', 'Device': '#5V#1 ', 'Package': '#5V#1', 'Description': '', 'BOM': ''}, {'Part': 'D8', 'Value': '0.5A/40V/420mV', 'Device': 'SOD-323 0.5A/40V/420mV', 'Package': 'SOD-323', 'Description': '', 'BOM': ''}, {'Part': 'U$10', 'Value': '', 'Device': '#SCK#12 ', 'Package': '#SCK#12', 'Description': '', 'BOM': ''}, {'Part': 'R6', 'Value': '470', 'Device': '0603 470', 'Package': '0603', 'Description': '', 'BOM': ''}, {'Part': 'R5', 'Value': '470', 'Device': '0603 470', 'Package': '0603', 'Description': '', 'BOM': ''}, {'Part': 'D4', 'Value': 'RED', 'Device': 'LED-0603 RED', 'Package': 'LED-0603', 'Description': '', 'BOM': ''}, {'Part': 'R24', 'Value': '3.3k', 'Device': '0603 3.3k', 'Package': '0603', 'Description': '', 'BOM': ''}, {'Part': 'R2', 'Value': '3.3k', 'Device': '0603 3.3k', 'Package': '0603', 'Description': '', 'BOM': ''}, {'Part': 'R1', 'Value': '3.3k', 'Device': '0603 3.3k', 'Package': '0603', 'Description': '', 'BOM': ''}, {'Part': 'D2', 'Value': '15V', 'Device': 'SOT23-3 15V', 'Package': 'SOT23-3', 'Description': '', 'BOM': ''}, {'Part': 'D1', 'Value': '15V', 'Device': 'SOT23-3 15V', 'Package': 'SOT23-3', 'Description': '', 'BOM': ''}, {'Part': 'U$5', 'Value': '', 'Device': '#W##16 ', 'Package': '#W##16', 'Description': '', 'BOM': ''}, {'Part': 'U5', 'Value': '3.3V', 'Device': 'SOT23-5 3.3V', 'Package': 'SOT23-5', 'Description': '', 'BOM': ''}, {'Part': 'C7', 'Value': '0.1uF', 'Device': '0402-TIGHT 0.1uF', 'Package': '0402-TIGHT', 'Description': '', 'BOM': ''}, {'Part': 'C6', 'Value': '0.1uF', 'Device': '0402-TIGHT 0.1uF', 'Package': '0402-TIGHT', 'Description': '', 'BOM': ''}, {'Part': 'C5', 'Value': '0.1uF', 'Device': '0402-TIGHT 0.1uF', 'Package': '0402-TIGHT', 'Description': '', 'BOM': ''}, {'Part': 'C1', 'Value': '0.1uF', 'Device': '0402-TIGHT 0.1uF', 'Package': '0402-TIGHT', 'Description': '', 'BOM': ''}, {'Part': 'C8', 'Value': '47pF', 'Device': '0402 47pF', 'Package': '0402', 'Description': '', 'BOM': ''}, {'Part': 'LOGO2', 'Value': 'QWIIC_LOGO_4MM', 'Device': 'QWIIC_4MM QWIIC_LOGO_4MM', 'Package': 'QWIIC_4MM', 'Description': '', 'BOM': ''}, {'Part': 'U$20', 'Value': '', 'Device': 'DEAD#RECKONING#GPS#BOARD#SILK#FINAL#JPG ', 'Package': 'DEAD#RECKONING#GPS#BOARD#SILK#FINAL#JPG', 'Description': '', 'BOM': ''}, {'Part': 'U$19', 'Value': '', 'Device': 'DEAD#RECKONING#GPS#BOARD#SILK#FINAL#JPG ', 'Package': 'DEAD#RECKONING#GPS#BOARD#SILK#FINAL#JPG', 'Description': '', 'BOM': ''}, {'Part': '$1_25_$_2020-03-30_22-52-05', 'Value': 'STAND-OFFTIGHT', 'Device': 'STAND-OFF-TIGHT STAND-OFFTIGHT', 'Package': 'STAND-OFF-TIGHT', 'Description': '', 'BOM': ''}, {'Part': 'H2', 'Value': 'STAND-OFFTIGHT', 'Device': 'STAND-OFF-TIGHT STAND-OFFTIGHT', 'Package': 'STAND-OFF-TIGHT', 'Description': '', 'BOM': ''}, {'Part': 'H4', 'Value': 'STAND-OFFTIGHT', 'Device': 'STAND-OFF-TIGHT STAND-OFFTIGHT', 'Package': 'STAND-OFF-TIGHT', 'Description': '', 'BOM': ''}, {'Part': 'H1', 'Value': 'STAND-OFFTIGHT', 'Device': 'STAND-OFF-TIGHT STAND-OFFTIGHT', 'Package': 'STAND-OFF-TIGHT', 'Description': '', 'BOM': ''}, {'Part': 'C4', 'Value': '1nF', 'Device': '0402 1nF', 'Package': '0402', 'Description': '', 'BOM': ''}, {'Part': 'C3', 'Value': '1nF', 'Device': '0402 1nF', 'Package': '0402', 'Description': '', 'BOM': ''}, {'Part': 'R23', 'Value': '4.7k', 'Device': '0402-TIGHT 4.7k', 'Package': '0402-TIGHT', 'Description': '', 'BOM': ''}, {'Part': 'R16', 'Value': '4.7k', 'Device': '0402-TIGHT 4.7k', 'Package': '0402-TIGHT', 'Description': '', 'BOM': ''}, {'Part': 'J7', 'Value': '', 'Device': '1X06_NO_SILK ', 'Package': '1X06_NO_SILK', 'Description': '', 'BOM': ''}, {'Part': 'R3', 'Value': '100K', 'Device': '0402 100K', 'Package': '0402', 'Description': '', 'BOM': ''}, {'Part': 'C10', 'Value': '1.0uF', 'Device': '0402-TIGHT 1.0uF', 'Package': '0402-TIGHT', 'Description': '', 'BOM': ''}, {'Part': 'C2', 'Value': '1.0uF', 'Device': '0402-TIGHT 1.0uF', 'Package': '0402-TIGHT', 'Description': '', 'BOM': ''}, {'Part': 'C9', 'Value': '1.0uF', 'Device': '0402-TIGHT 1.0uF', 'Package': '0402-TIGHT', 'Description': '', 'BOM': ''}, {'Part': 'J6', 'Value': '', 'Device': '1X09_NO_SILK ', 'Package': '1X09_NO_SILK', 'Description': '', 'BOM': ''}, {'Part': 'U$1', 'Value': '', 'Device': 'PWR22 ', 'Package': 'PWR22', 'Description': '', 'BOM': ''}, {'Part': 'R12', 'Value': '33', 'Device': '0603 33', 'Package': '0603', 'Description': '', 'BOM': ''}, {'Part': 'R13', 'Value': '33', 'Device': '0603 33', 'Package': '0603', 'Description': '', 'BOM': ''}, {'Part': 'U$3', 'Value': '', 'Device': 'GEO23 ', 'Package': 'GEO23', 'Description': '', 'BOM': ''}, {'Part': 'U$55', 'Value': '', 'Device': '#3V3#6 ', 'Package': '#3V3#6', 'Description': '', 'BOM': ''}, {'Part': 'U$7', 'Value': '', 'Device': '#3V3#6 ', 'Package': '#3V3#6', 'Description': '', 'BOM': ''}, {'Part': 'U$14', 'Value': '', 'Device': '#3V3#6 ', 'Package': '#3V3#6', 'Description': '', 'BOM': ''}, {'Part': 'U$37', 'Value': '', 'Device': '#3V3#6 ', 'Package': '#3V3#6', 'Description': '', 'BOM': ''}, {'Part': 'U$22', 'Value': '', 'Device': '#3V3#6 ', 'Package': '#3V3#6', 'Description': '', 'BOM': ''}, {'Part': 'R7', 'Value': '910', 'Device': '0603 910', 'Package': '0603', 'Description': '', 'BOM': ''}, {'Part': 'R4', 'Value': '910', 'Device': '0603 910', 'Package': '0603', 'Description': '', 'BOM': ''}, {'Part': 'U3', 'Value': 'UHS_INVERTER_SCHMITT_TRIGGERSIP6', 'Device': 'SIP6 UHS_INVERTER_SCHMITT_TRIGGERSIP6', 'Package': 'SIP6', 'Description': '', 'BOM': ''}, {'Part': 'U4', 'Value': 'UHS_INVERTER_SCHMITT_TRIGGERSIP6', 'Device': 'SIP6 UHS_INVERTER_SCHMITT_TRIGGERSIP6', 'Package': 'SIP6', 'Description': '', 'BOM': ''}, {'Part': 'U$11', 'Value': '', 'Device': '#CIPO#10 ', 'Package': '#CIPO#10', 'Description': '', 'BOM': ''}, {'Part': 'U$71', 'Value': '', 'Device': '#PPS#20 ', 'Package': '#PPS#20', 'Description': '', 'BOM': ''}, {'Part': 'U$2', 'Value': '', 'Device': 'PPS21 ', 'Package': 'PPS21', 'Description': '', 'BOM': ''}, {'Part': 'J5', 'Value': '', 'Device': '1X11_NO_SILK ', 'Package': '1X11_NO_SILK', 'Description': '', 'BOM': ''}, {'Part': 'U$6', 'Value': '', 'Device': '#W##15 ', 'Package': '#W##15', 'Description': '', 'BOM': ''}, {'Part': 'U$73', 'Value': '', 'Device': 'ZED#F9K230 ', 'Package': 'ZED#F9K230', 'Description': '', 'BOM': ''}, {'Part': 'U$72', 'Value': '', 'Device': 'ZED#F9K230 ', 'Package': 'ZED#F9K230', 'Description': '', 'BOM': ''}, {'Part': 'U$12', 'Value': '', 'Device': '#COPI#9 ', 'Package': '#COPI#9', 'Description': '', 'BOM': ''}, {'Part': 'U$66', 'Value': '', 'Device': '#SCL#13 ', 'Package': '#SCL#13', 'Description': '', 'BOM': ''}, {'Part': 'J2', 'Value': '', 'Device': 'USB-C-16P-2LAYER-PADS ', 'Package': 'USB-C-16P-2LAYER-PADS', 'Description': '', 'BOM': ''}, {'Part': 'U1', 'Value': 'DUAL-OPTO_HCPL-073LSOIC-8', 'Device': 'SO08 DUAL-OPTO_HCPL-073LSOIC-8', 'Package': 'SO08', 'Description': '', 'BOM': ''}, {'Part': 'U$62', 'Value': '', 'Device': 'ANTENNA229 ', 'Package': 'ANTENNA229', 'Description': '', 'BOM': ''}, {'Part': 'U$18', 'Value': '', 'Device': '#TXO2#20 ', 'Package': '#TXO2#20', 'Description': '', 'BOM': ''}, {'Part': 'D9', 'Value': 'PESD0402-0402', 'Device': '0402 PESD0402-0402', 'Package': '0402', 'Description': '', 'BOM': ''}, {'Part': 'U$9', 'Value': '', 'Device': '#D##14 ', 'Package': '#D##14', 'Description': '', 'BOM': ''}, {'Part': 'U$56', 'Value': '', 'Device': '#SDA#12 ', 'Package': '#SDA#12', 'Description': '', 'BOM': ''}, {'Part': 'U$8', 'Value': '', 'Device': '#D##13 ', 'Package': '#D##13', 'Description': '', 'BOM': ''}, {'Part': 'U$50', 'Value': '', 'Device': 'Y2 ', 'Package': 'Y2', 'Description': '', 'BOM': ''}, {'Part': 'U$52', 'Value': '', 'Device': 'Y2 ', 'Package': 'Y2', 'Description': '', 'BOM': ''}, {'Part': 'U$26', 'Value': '', 'Device': 'GRN226 ', 'Package': 'GRN226', 'Description': '', 'BOM': ''}, {'Part': 'FRAME1', 'Value': 'FRAME-LEDGER', 'Device': 'CREATIVE_COMMONS FRAME-LEDGER', 'Package': 'CREATIVE_COMMONS', 'Description': '', 'BOM': ''}, {'Part': 'D3', 'Value': 'PRTR5V0U2F', 'Device': 'SOT886 PRTR5V0U2F', 'Package': 'SOT886', 'Description': '', 'BOM': ''}, {'Part': 'BT1', 'Value': 'ML414H_IV01E_BATTERY', 'Device': 'ML414H_IV01E ML414H_IV01E_BATTERY', 'Package': 'ML414H_IV01E', 'Description': '', 'BOM': ''}, {'Part': 'FB1', 'Value': '120Î©', 'Device': '0402 120Î©', 'Package': '0402', 'Description': '', 'BOM': ''}, {'Part': 'U$21', 'Value': '', 'Device': 'RX224 ', 'Package': 'RX224', 'Description': '', 'BOM': ''}, {'Part': 'U2', 'Value': 'U-BLOX_ZED_F9K', 'Device': 'UBLOX_ZED_F9K U-BLOX_ZED_F9K', 'Package': 'UBLOX_ZED_F9K', 'Description': '', 'BOM': ''}, {'Part': 'E1', 'Value': 'ANTENNA-SMA-GROUNDEDEDGE_SMA', 'Device': 'SMA-EDGE ANTENNA-SMA-GROUNDEDEDGE_SMA', 'Package': 'SMA-EDGE', 'Description': '', 'BOM': ''}, {'Part': 'U$70', 'Value': '', 'Device': '#INT#14 ', 'Package': '#INT#14', 'Description': '', 'BOM': ''}, {'Part': 'U$45', 'Value': '', 'Device': '#PPS#0 ', 'Package': '#PPS#0', 'Description': '', 'BOM': ''}, {'Part': 'U$30', 'Value': '', 'Device': '#SCL#SCK#12 ', 'Package': '#SCL#SCK#12', 'Description': '', 'BOM': ''}, {'Part': 'I2C0', 'Value': 'JUMPER-SMT_3_2-NC_TRACE_SILK', 'Device': 'SMT-JUMPER_3_2-NC_TRACE_SILK JUMPER-SMT_3_2-NC_TRACE_SILK', 'Package': 'SMT-JUMPER_3_2-NC_TRACE_SILK', 'Description': '', 'BOM': ''}, {'Part': 'U$51', 'Value': '', 'Device': '#PWR#23 ', 'Package': '#PWR#23', 'Description': '', 'BOM': ''}, {'Part': 'U$60', 'Value': '', 'Device': '#TXO2#1 ', 'Package': '#TXO2#1', 'Description': '', 'BOM': ''}, {'Part': 'SPI0', 'Value': 'JUMPER-SMT_2_NO_SILK', 'Device': 'SMT-JUMPER_2_NO_SILK JUMPER-SMT_2_NO_SILK', 'Package': 'SMT-JUMPER_2_NO_SILK', 'Description': '', 'BOM': ''}, {'Part': 'GEO0', 'Value': 'JUMPER-SMT_2_NC_TRACE_SILK', 'Device': 'SMT-JUMPER_2_NC_TRACE_SILK JUMPER-SMT_2_NC_TRACE_SILK', 'Package': 'SMT-JUMPER_2_NC_TRACE_SILK', 'Description': '', 'BOM': ''}, {'Part': 'PPS0', 'Value': 'JUMPER-SMT_2_NC_TRACE_SILK', 'Device': 'SMT-JUMPER_2_NC_TRACE_SILK JUMPER-SMT_2_NC_TRACE_SILK', 'Package': 'SMT-JUMPER_2_NC_TRACE_SILK', 'Description': '', 'BOM': ''}, {'Part': 'RTK0', 'Value': 'JUMPER-SMT_2_NC_TRACE_SILK', 'Device': 'SMT-JUMPER_2_NC_TRACE_SILK JUMPER-SMT_2_NC_TRACE_SILK', 'Package': 'SMT-JUMPER_2_NC_TRACE_SILK', 'Description': '', 'BOM': ''}, {'Part': 'PWR0', 'Value': 'JUMPER-SMT_2_NC_TRACE_SILK', 'Device': 'SMT-JUMPER_2_NC_TRACE_SILK JUMPER-SMT_2_NC_TRACE_SILK', 'Package': 'SMT-JUMPER_2_NC_TRACE_SILK', 'Description': '', 'BOM': ''}, {'Part': 'U$39', 'Value': '', 'Device': '#SCL#7 ', 'Package': '#SCL#7', 'Description': '', 'BOM': ''}, {'Part': 'U$41', 'Value': '', 'Device': '##RST##16 ', 'Package': '##RST##16', 'Description': '', 'BOM': ''}, {'Part': 'U$61', 'Value': '', 'Device': 'BLK227 ', 'Package': 'BLK227', 'Description': '', 'BOM': ''}, {'Part': 'U$54', 'Value': '', 'Device': '#I2C#23 ', 'Package': '#I2C#23', 'Description': '', 'BOM': ''}, {'Part': 'U$27', 'Value': '', 'Device': '#SDA##CS##10 ', 'Package': '#SDA##CS##10', 'Description': '', 'BOM': ''}, {'Part': 'U$35', 'Value': '', 'Device': '#W##5 ', 'Package': '#W##5', 'Description': '', 'BOM': ''}, {'Part': 'LOGO1', 'Value': 'OSHW-LOGOS', 'Device': 'OSHW-LOGO-S OSHW-LOGOS', 'Package': 'OSHW-LOGO-S', 'Description': '', 'BOM': ''}, {'Part': 'U$46', 'Value': '', 'Device': '#RTK#25 ', 'Package': '#RTK#25', 'Description': '', 'BOM': ''}, {'Part': 'U$43', 'Value': '', 'Device': '#INT#8 ', 'Package': '#INT#8', 'Description': '', 'BOM': ''}, {'Part': 'U$31', 'Value': '', 'Device': '#D##6 ', 'Package': '#D##6', 'Description': '', 'BOM': ''}, {'Part': 'LOGO3', 'Value': 'SFE_LOGO_NAME_FLAME.2_INCH', 'Device': 'SFE_LOGO_NAME_FLAME_.2 SFE_LOGO_NAME_FLAME.2_INCH', 'Package': 'SFE_LOGO_NAME_FLAME_.2', 'Description': '', 'BOM': ''}, {'Part': 'U$47', 'Value': '', 'Device': '#GEO#24 ', 'Package': '#GEO#24', 'Description': '', 'BOM': ''}, {'Part': 'U$74', 'Value': '', 'Device': '#TXO#CIPO#9 ', 'Package': '#TXO#CIPO#9', 'Description': '', 'BOM': ''}, {'Part': 'U$38', 'Value': '', 'Device': '#SDA#6 ', 'Package': '#SDA#6', 'Description': '', 'BOM': ''}, {'Part': 'TP1', 'Value': 'TEST-POINT3X5', 'Device': 'PAD.03X.05 TEST-POINT3X5', 'Package': 'PAD.03X.05', 'Description': '', 'BOM': ''}, {'Part': 'U$42', 'Value': '', 'Device': '##SFBT##17 ', 'Package': '##SFBT##17', 'Description': '', 'BOM': ''}, {'Part': 'U$53', 'Value': '', 'Device': '#SPI#22 ', 'Package': '#SPI#22', 'Description': '', 'BOM': ''}, {'Part': 'U$65', 'Value': '', 'Device': 'GNSS#DEAD_RECKONING230 ', 'Package': 'GNSS#DEAD_RECKONING230', 'Description': '', 'BOM': ''}, {'Part': 'U$48', 'Value': '', 'Device': '#PPS#21 ', 'Package': '#PPS#21', 'Description': '', 'BOM': ''}, {'Part': 'U$34', 'Value': '', 'Device': '#W##4 ', 'Package': '#W##4', 'Description': '', 'BOM': ''}, {'Part': 'U$40', 'Value': '', 'Device': '#TXR#3 ', 'Package': '#TXR#3', 'Description': '', 'BOM': ''}, {'Part': 'U$64', 'Value': '', 'Device': 'GRN228 ', 'Package': 'GRN228', 'Description': '', 'BOM': ''}, {'Part': 'U$33', 'Value': '', 'Device': '#D##7 ', 'Package': '#D##7', 'Description': '', 'BOM': ''}, {'Part': 'U$28', 'Value': '', 'Device': '#RXI#COPI#8 ', 'Package': '#RXI#COPI#8', 'Description': '', 'BOM': ''}, {'Part': 'U$59', 'Value': '', 'Device': '#RXI2#227 ', 'Package': '#RXI2#227', 'Description': '', 'BOM': ''}], 'eagleBom': [{'Part': '$1_25_$_2020-03-30_22-52-05', 'Value': 'STAND-OFFTIGHT', 'Device': 'STAND-OFFTIGHT', 'Package': 'STAND-OFF-TIGHT', 'Description': 'Stand Off', 'BOM': ''}, {'Part': 'BT1', 'Value': 'ML414H_IV01E_BATTERY', 'Device': 'ML414H_IV01E_BATTERY', 'Package': 'ML414H_IV01E', 'Description': 'SEIKO ML414H-IV01E Reflowable Lithium Battery', 'BOM': ''}, {'Part': 'C1', 'Value': '0.1uF', 'Device': '0.1UF-0402T-6.3V-10%-X7R', 'Package': '0402-TIGHT', 'Description': '0.1µF ceramic capacitors', 'BOM': ''}, {'Part': 'C2', 'Value': '1.0uF', 'Device': '1.0UF-0402T-16V-10%', 'Package': '0402-TIGHT', 'Description': '1µF ceramic capacitors', 'BOM': ''}, {'Part': 'C3', 'Value': '1nF', 'Device': '1.0NF/1000PF-0402-25V-10%-X7R', 'Package': '0402', 'Description': '1nF/1,000pF ceramic capacitors', 'BOM': ''}, {'Part': 'C4', 'Value': '1nF', 'Device': '1.0NF/1000PF-0402-25V-10%-X7R', 'Package': '0402', 'Description': '1nF/1,000pF ceramic capacitors', 'BOM': ''}, {'Part': 'C5', 'Value': '0.1uF', 'Device': '0.1UF-0402T-6.3V-10%-X7R', 'Package': '0402-TIGHT', 'Description': '0.1µF ceramic capacitors', 'BOM': ''}, {'Part': 'C6', 'Value': '0.1uF', 'Device': '0.1UF-0402T-6.3V-10%-X7R', 'Package': '0402-TIGHT', 'Description': '0.1µF ceramic capacitors', 'BOM': ''}, {'Part': 'C7', 'Value': '0.1uF', 'Device': '0.1UF-0402T-6.3V-10%-X7R', 'Package': '0402-TIGHT', 'Description': '0.1µF ceramic capacitors', 'BOM': ''}, {'Part': 'C8', 'Value': '47pF', 'Device': '47PF-0402-25V-5%-X7R', 'Package': '0402', 'Description': '47pF ceramic capacitors', 'BOM': ''}, {'Part': 'C9', 'Value': '1.0uF', 'Device': '1.0UF-0402T-16V-10%', 'Package': '0402-TIGHT', 'Description': '1µF ceramic capacitors', 'BOM': ''}, {'Part': 'C10', 'Value': '1.0uF', 'Device': '1.0UF-0402T-16V-10%', 'Package': '0402-TIGHT', 'Description': '1µF ceramic capacitors', 'BOM': ''}, {'Part': 'D1', 'Value': '15V', 'Device': 'DIODE-ZENER-BZX84C15LT3G', 'Package': 'SOT23-3', 'Description': 'Zener Diode', 'BOM': ''}, {'Part': 'D2', 'Value': '15V', 'Device': 'DIODE-ZENER-BZX84C15LT3G', 'Package': 'SOT23-3', 'Description': 'Zener Diode', 'BOM': ''}, {'Part': 'D3', 'Value': 'PRTR5V0U2F', 'Device': 'PRTR5V0U2F', 'Package': 'SOT886', 'Description': 'A small ESD protection device. Most commonly used on USB D+/D- signals to protect large, expensive, or especially sensitive USB enabled devices.', 'BOM': ''}, {'Part': 'D4', 'Value': 'RED', 'Device': 'LED-RED0603', 'Package': 'LED-0603', 'Description': 'Red SMD LED', 'BOM': ''}, {'Part': 'D5', 'Value': 'BLUE', 'Device': 'LED-BLUE0603', 'Package': 'LED-0603', 'Description': 'Blue SMD LED', 'BOM': ''}, {'Part': 'D6', 'Value': 'BLUE', 'Device': 'LED-BLUE0603', 'Package': 'LED-0603', 'Description': 'Blue SMD LED', 'BOM': ''}, {'Part': 'D7', 'Value': 'BLUE', 'Device': 'LED-BLUE0603', 'Package': 'LED-0603', 'Description': 'Blue SMD LED', 'BOM': ''}, {'Part': 'D8', 'Value': '0.5A/40V/420mV', 'Device': 'DIODE-SCHOTTKY-PMEG4005EJ', 'Package': 'SOD-323', 'Description': 'Schottky diode', 'BOM': ''}, {'Part': 'D9', 'Value': 'PESD0402-0402', 'Device': 'PESD0402-0402', 'Package': '0402', 'Description': 'ESD protection diode', 'BOM': ''}, {'Part': 'E1', 'Value': 'ANTENNA-SMA-GROUNDEDEDGE_SMA', 'Device': 'ANTENNA-SMA-GROUNDEDEDGE_SMA', 'Package': 'SMA-EDGE', 'Description': 'SMA Antenna Connector w/ Ground', 'BOM': ''}, {'Part': 'FB1', 'Value': '120Ω', 'Device': 'FERRITE_BEAD-120_OHM-0402', 'Package': '0402', 'Description': 'Ferrite Bead (blocks, cores, rings, chokes, etc.)', 'BOM': ''}, {'Part': 'FD1', 'Value': 'FIDUCIALUFIDUCIAL', 'Device': 'FIDUCIALUFIDUCIAL', 'Package': 'FIDUCIAL-MICRO', 'Description': 'Fiducial Alignment Points', 'BOM': ''}, {'Part': 'FD2', 'Value': 'FIDUCIALUFIDUCIAL', 'Device': 'FIDUCIALUFIDUCIAL', 'Package': 'FIDUCIAL-MICRO', 'Description': 'Fiducial Alignment Points', 'BOM': ''}, {'Part': 'FD3', 'Value': 'FIDUCIALUFIDUCIAL', 'Device': 'FIDUCIALUFIDUCIAL', 'Package': 'FIDUCIAL-MICRO', 'Description': 'Fiducial Alignment Points', 'BOM': ''}, {'Part': 'FD4', 'Value': 'FIDUCIALUFIDUCIAL', 'Device': 'FIDUCIALUFIDUCIAL', 'Package': 'FIDUCIAL-MICRO', 'Description': 'Fiducial Alignment Points', 'BOM': ''}, {'Part': 'FRAME1', 'Value': 'FRAME-LEDGER', 'Device': 'FRAME-LEDGER', 'Package': 'CREATIVE_COMMONS', 'Description': 'Schematic Frame - Ledger', 'BOM': ''}, {'Part': 'GEO', 'Value': 'JUMPER-SMT_2_NC_TRACE_SILK', 'Device': 'JUMPER-SMT_2_NC_TRACE_SILK', 'Package': 'SMT-JUMPER_2_NC_TRACE_SILK', 'Description': 'Normally closed trace jumper', 'BOM': ''}, {'Part': 'H2', 'Value': 'STAND-OFFTIGHT', 'Device': 'STAND-OFFTIGHT', 'Package': 'STAND-OFF-TIGHT', 'Description': 'Stand Off', 'BOM': ''}, {'Part': 'I2C', 'Value': 'JUMPER-SMT_3_2-NC_TRACE_SILK', 'Device': 'JUMPER-SMT_3_2-NC_TRACE_SILK', 'Package': 'SMT-JUMPER_3_2-NC_TRACE_SILK', 'Description': 'Normally closed trace jumper (2 of 2 connections)', 'BOM': ''}, {'Part': 'J2', 'Value': '', 'Device': 'USB_C_2-LAYER_PADS', 'Package': 'USB-C-16P-2LAYER-PADS', 'Description': 'USB Type C 16Pin Connector', 'BOM': ''}, {'Part': 'J3', 'Value': 'QWIIC_RIGHT_ANGLE', 'Device': 'QWIIC_CONNECTORJS-1MM', 'Package': 'JST04_1MM_RA', 'Description': 'SparkFun I2C Standard Qwiic Connector', 'BOM': ''}, {'Part': 'J4', 'Value': 'QWIIC_RIGHT_ANGLE', 'Device': 'QWIIC_CONNECTORJS-1MM', 'Package': 'JST04_1MM_RA', 'Description': 'SparkFun I2C Standard Qwiic Connector', 'BOM': ''}, {'Part': 'J5', 'Value': '', 'Device': 'CONN_111X11_NO_SILK', 'Package': '1X11_NO_SILK', 'Description': 'Multi connection point. Often used as Generic Header-pin footprint for 0.1 inch spaced/style header connections', 'BOM': ''}, {'Part': 'J6', 'Value': '', 'Device': 'CONN_09NO_SILK', 'Package': '1X09_NO_SILK', 'Description': 'Multi connection point. Often used as Generic Header-pin footprint for 0.1 inch spaced/style header connections', 'BOM': ''}, {'Part': 'J7', 'Value': '', 'Device': 'CONN_06NO_SILK_NO_POP', 'Package': '1X06_NO_SILK', 'Description': 'Multi connection point. Often used as Generic Header-pin footprint for 0.1 inch spaced/style header connections', 'BOM': ''}, {'Part': 'LOGO1', 'Value': 'OSHW-LOGOS', 'Device': 'OSHW-LOGOS', 'Package': 'OSHW-LOGO-S', 'Description': 'Open-Source Hardware (OSHW) Logo', 'BOM': ''}, {'Part': 'LOGO2', 'Value': 'QWIIC_LOGO_4MM', 'Device': 'QWIIC_LOGO_4MM', 'Package': 'QWIIC_4MM', 'Description': 'Qwiic Logos for placement on schematic and PCB. The 5.5mm silk logo is best for placing next to Qwiic connector.', 'BOM': ''}, {'Part': 'LOGO3', 'Value': 'SFE_LOGO_NAME_FLAME.2_INCH', 'Device': 'SFE_LOGO_NAME_FLAME.2_INCH', 'Package': 'SFE_LOGO_NAME_FLAME_.2', 'Description': 'SparkFun Font Logo w/ Flame', 'BOM': ''}, {'Part': 'PPS', 'Value': 'JUMPER-SMT_2_NC_TRACE_SILK', 'Device': 'JUMPER-SMT_2_NC_TRACE_SILK', 'Package': 'SMT-JUMPER_2_NC_TRACE_SILK', 'Description': 'Normally closed trace jumper', 'BOM': ''}, {'Part': 'PWR', 'Value': 'JUMPER-SMT_2_NC_TRACE_SILK', 'Device': 'JUMPER-SMT_2_NC_TRACE_SILK', 'Package': 'SMT-JUMPER_2_NC_TRACE_SILK', 'Description': 'Normally closed trace jumper', 'BOM': ''}, {'Part': 'R1', 'Value': '3.3k', 'Device': '3.3KOHM-0603-1/10W-1%', 'Package': '0603', 'Description': '3.3kΩ resistor', 'BOM': ''}, {'Part': 'R2', 'Value': '3.3k', 'Device': '3.3KOHM-0603-1/10W-1%', 'Package': '0603', 'Description': '3.3kΩ resistor', 'BOM': ''}, {'Part': 'R3', 'Value': '100K', 'Device': '100KOHM-0402-1/16W-1%', 'Package': '0402', 'Description': '100kΩ resistor', 'BOM': ''}, {'Part': 'R4', 'Value': '910', 'Device': '910OHM-0603-1/10W-5%', 'Package': '0603', 'Description': '910 Ohm Resistor', 'BOM': ''}, {'Part': 'R5', 'Value': '470', 'Device': '470OHM-0603-1/10W-1%', 'Package': '0603', 'Description': '470Ω resistor', 'BOM': ''}, {'Part': 'R6', 'Value': '470', 'Device': '470OHM-0603-1/10W-1%', 'Package': '0603', 'Description': '470Ω resistor', 'BOM': ''}, {'Part': 'R7', 'Value': '910', 'Device': '910OHM-0603-1/10W-5%', 'Package': '0603', 'Description': '910 Ohm Resistor', 'BOM': ''}, {'Part': 'R8', 'Value': '33', 'Device': '33OHM_RA-1206-1/16W-5%', 'Package': '1206_RA', 'Description': 'EXB-38V330JV', 'BOM': ''}, {'Part': 'R9', 'Value': '33', 'Device': '33OHM_RA-1206-1/16W-5%', 'Package': '1206_RA', 'Description': 'EXB-38V330JV', 'BOM': ''}, {'Part': 'R10', 'Value': '33', 'Device': '33OHM_RA-1206-1/16W-5%', 'Package': '1206_RA', 'Description': 'EXB-38V330JV', 'BOM': ''}, {'Part': 'R11', 'Value': '33', 'Device': '33OHM_RA-1206-1/16W-5%', 'Package': '1206_RA', 'Description': 'EXB-38V330JV', 'BOM': ''}, {'Part': 'R12', 'Value': '33', 'Device': '33OHM-0603-1/10W-1%', 'Package': '0603', 'Description': '33Ω resistor', 'BOM': ''}, {'Part': 'R13', 'Value': '33', 'Device': '33OHM-0603-1/10W-1%', 'Package': '0603', 'Description': '33Ω resistor', 'BOM': ''}, {'Part': 'R14', 'Value': '5.1k', 'Device': '5.1KOHM-0402-1/16W-1%', 'Package': '0402', 'Description': '', 'BOM': ''}, {'Part': 'R15', 'Value': '5.1k', 'Device': '5.1KOHM-0402-1/16W-1%', 'Package': '0402', 'Description': '', 'BOM': ''}, {'Part': 'R16', 'Value': '4.7k', 'Device': '4.7KOHM-0402T-1/16W-1%', 'Package': '0402-TIGHT', 'Description': '4.7kΩ resistor', 'BOM': ''}, {'Part': 'R17', 'Value': '1KOHM-0402-1/16W-1%', 'Device': '1KOHM-0402-1/16W-1%', 'Package': '0402', 'Description': '1kΩ resistor', 'BOM': ''}, {'Part': 'R18', 'Value': '1KOHM-0402-1/16W-1%', 'Device': '1KOHM-0402-1/16W-1%', 'Package': '0402', 'Description': '1kΩ resistor', 'BOM': ''}, {'Part': 'R19', 'Value': '1KOHM-0402-1/16W-1%', 'Device': '1KOHM-0402-1/16W-1%', 'Package': '0402', 'Description': '1kΩ resistor', 'BOM': ''}, {'Part': 'R20', 'Value': '1KOHM-0402-1/16W-1%', 'Device': '1KOHM-0402-1/16W-1%', 'Package': '0402', 'Description': '1kΩ resistor', 'BOM': ''}, {'Part': 'R21', 'Value': '27', 'Device': '27OHM-0603-1/10W-1%', 'Package': '0603', 'Description': '27Ω resistor', 'BOM': ''}, {'Part': 'R22', 'Value': '27', 'Device': '27OHM-0603-1/10W-1%', 'Package': '0603', 'Description': '27Ω resistor', 'BOM': ''}, {'Part': 'R23', 'Value': '4.7k', 'Device': '4.7KOHM-0402T-1/16W-1%', 'Package': '0402-TIGHT', 'Description': '4.7kΩ resistor', 'BOM': ''}, {'Part': 'R24', 'Value': '3.3k', 'Device': '3.3KOHM-0603-1/10W-1%', 'Package': '0603', 'Description': '3.3kΩ resistor', 'BOM': ''}, {'Part': 'RTK', 'Value': 'JUMPER-SMT_2_NC_TRACE_SILK', 'Device': 'JUMPER-SMT_2_NC_TRACE_SILK', 'Package': 'SMT-JUMPER_2_NC_TRACE_SILK', 'Description': 'Normally closed trace jumper', 'BOM': ''}, {'Part': 'SPI', 'Value': 'JUMPER-SMT_2_NO_SILK', 'Device': 'JUMPER-SMT_2_NO_SILK', 'Package': 'SMT-JUMPER_2_NO_SILK', 'Description': 'Normally open jumper', 'BOM': ''}, {'Part': 'TP1', 'Value': 'TEST-POINT3X5', 'Device': 'TEST-POINT3X5', 'Package': 'PAD.03X.05', 'Description': 'SparkFun Test Points', 'BOM': ''}, {'Part': 'U1', 'Value': 'DUAL-OPTO_HCPL-073LSOIC-8', 'Device': 'DUAL-OPTO_HCPL-073LSOIC-8', 'Package': 'SO08', 'Description': 'HCPL-073L', 'BOM': ''}, {'Part': 'U2', 'Value': 'U-BLOX_ZED_F9K', 'Device': 'U-BLOX_ZED_F9K', 'Package': 'UBLOX_ZED_F9K', 'Description': 'u-blox ZED-F9K ADR', 'BOM': ''}, {'Part': 'U3', 'Value': 'UHS_INVERTER_SCHMITT_TRIGGERSIP6', 'Device': 'UHS_INVERTER_SCHMITT_TRIGGERSIP6', 'Package': 'SIP6', 'Description': 'NC7SZ14', 'BOM': ''}, {'Part': 'U4', 'Value': 'UHS_INVERTER_SCHMITT_TRIGGERSIP6', 'Device': 'UHS_INVERTER_SCHMITT_TRIGGERSIP6', 'Package': 'SIP6', 'Description': 'NC7SZ14', 'BOM': ''}, {'Part': 'U5', 'Value': '3.3V', 'Device': 'V_REG_AP2112K-3.3V', 'Package': 'SOT23-5', 'Description': 'AP2112 - 600mA CMOS LDO Regulator w/ Enable', 'BOM': ''}]}
